R28,R-1
06:00,05,11,19,25,32,36,45,49,53
07:01,09,16,22,25,29,35,42,48,55
08:01,08,14,21,27,34,40,46,52,58
09:04,11,17,24,30,37,43,50,57
10:02,11,20,29,38,47,56
11:05,14,23,32,41,50,59
12:08,17,26,35,44,53
13:02,11,20,29,38,47,56
14:05,14,23,32,41,50,59
15:08,17,26,35,44,53
16:02,07,11,20,24,30,37,43,50,56
17:03,09,16,22,29,35,42,48,54
18:01,07,13,20,26,33,39,46,52,59
19:05,12,18,25,31,38,43,51
20:00,08,17,25,34,42,51,59
21:08,16,25,33,42,50,59
22:07,15,25,34,43,53
23:02,08,14,26,38,50
24:00

R22,R-1
06:40,57
07:05,13,19,32,39,45,52,58
08:05,11,18,24,31,37,43,49,55
09:01,07,14,20,27,33,40,46,53
10:
11:
12:
13:
14:
15:
16:16,27,33,40,46,53,59
17:06,12,19,25,32,38,45,51,57
18:04,10,16,29,36,42,49,55
19:02,08,15,21,28,34,48,56
20:
21:
22:
23:
24:

R-2
