R28,R-1
06:00,05,11,18,27,35,42,49,58
07:07,16,24,34,42,52
08:00,10,20,30,39,49,58
09:08,17,27,36,46,55
10:05,14,24,33,42,50,58
11:06,14,22,31,39,47,55
12:03,11,20,28,36,44,52
13:00,09,17,25,33,41,49,58
14:06,14,22,30,38,47,55
15:03,11,19,27,36,44,52
16:00,08,16,25,33,41,49,57
17:05,14,22,30,38,46,54
18:03,11,19,27,35,43,52
19:00,08,16,25,34,43,51
20:00,08,17,25,34,42,51,59
21:08,16,25,33,42,50,59
22:07,15,25,34,42,53
23:02,08,14,26,38,50
24:00

R22,R-1
06:
07:29
08:
09:
10:
11:59
12:07,15,24,32,40,48,56
13:04,13,21,29,37,45,53
14:02,10,18,26,34,42,51,59
15:07,15,23,31,40,48,56
16:04,12,20,29,37,45,53
17:01,09,18,26,34,42,50,58
18:07,15,23
19:
20:
21:
22:39,49
23:
24:

R-2
