R-1

R-2
06:05,15,20,27,32,35,39,43,53
07:02,10,20,29,39,50,58
08:06,15,23,31,39,47,55
09:04,12,20,28,36,44,53
10:01,09,17,25,33,42,50,58
11:06,14,22,31,39,47,52,56,59
12:03,07,11,16,20,24,28,32,36,40,44,48,52,56
13:00,05,09,13,17,21,25,29,33,37,41,45,49,54,58
14:02,06,10,14,18,22,26,30,34,38,43,47,51,55,59
15:03,07,11,15,19,23,27,32,36,40,44,48,52,56
16:00,04,08,12,16,21,24,27,31,34,38,41,45,48,52,55,59
17:02,06,09,13,16,20,23,27,30,34,37,41,44,48,51,55,58
18:02,05,09,12,16,19,23,26,30,33,37,44,51,58
19:05,12,19,26,34,43,51
20:00,08,17,25,34,42,51,59
21:08,16,25,33,42,50,59
22:07,16,25,34,44,53
23:03,08,14,23,34,45,55
24:07,19,34,47
25:01
