R-1

R-2
06:05,15,20,27,32,35,39,43,53
07:02,10,20,29,39,49
08:00,10,20,30,39,49,58
09:08,17,27,36,46,55
10:05,14,24,33,42,50,58
11:06,14,22,31,39,47,52,56,59
12:03,07,11,16,20,24,28,32,36,40,44,48,52,56
13:00,05,09,13,17,21,25,29,33,37,41,45,49,54,58
14:02,06,10,14,18,22,26,30,34,38,43,47,51,55,59
15:03,07,11,15,19,23,27,32,36,40,44,48,52,56
16:00,04,08,12,16,21,25,29,33,37,41,45,49,53,57
17:01,05,10,14,18,22,26,30,34,38,42,46,50,54,59
18:03,07,11,15,19,23,27,31,35,43,52
19:00,08,16,26,34,43,51
20:00,08,17,25,34,42,51,59
21:08,16,25,33,42,50,59
22:07,16,25,34,44,53
23:03,08,14,23,34,45,55
24:07,19,34,47
25:01
