R-1

R-2
06:05,15,20,25,32,36,40,45,49,53,58
07:02,06,09,13,16,19,23,26,29,33,36,39,42,46,49,52,55,59
08:02,05,08,12,15,18,21,25,28,31,34,37,40,43,46,49,52,55,58
09:01,04,07,11,14,17,20,24,27,30,33,37,40,43,46,50,54,58
10:03,07,12,21,30,39,48,57
11:06,15,24,33,42,51
12:00,09,18,27,36,45,54
13:03,12,21,30,39,48,57
14:06,15,24,33,42,51
15:00,09,18,27,36,45,54
16:03,12,16,20,24,27,30,33,37,40,43,46,50,53,56,59
17:03,06,09,12,16,19,22,25,29,32,35,38,42,45,48,51,54,57
18:01,04,07,10,13,16,20,23,26,29,33,36,39,42,46,49,52,55,59
19:02,05,08,12,15,18,21,25,28,31,34,38,43,49,54
20:00,04,08,17,25,34,42,51,59
21:08,16,25,33,42,50,59
22:07,16,25,34,43,53
23:03,08,14,23,34,45,55
24:07,19,34,47
25:01
